1111001101100111001000
1111001101100101010000
1111001101100111001001
1111001101100111011000
1111001101100101010001
1111001101100100001010
1111001101100111001010
1111001101100101000111
1111001101100111011001
00011101000
11011
1111001101100100101000
1111001101100100001011
1111000110
1111001101100111001011
1111001101100111010101
1111001101100101001000
1111001101100101000011
1111001101100100111000
1111001101100100110100
1111001101100100110101
1111001101100101010010
1111001101100101010011
1111001101100101101100
1111001101100100101001
1111001101100100100001
1111001101100100001100
1111001101100101110010
1111001101100101110011
11110011011001110111101
1111001101100111010000
1111001101100101100000
10
0000100001
0000011
1111000111
1111001101100111000100
000010101
00011101010
1111000000
000100
000011
111001
00000101
0001101
0110111
01101010
1101000
00001011
011001000
11110011000
00001010011
000111010010
000010100100
0001110100110
000010100101011
1111001101100110
000111111100
11110011011011
000101
000001001
0110011
0110100
11110011011001111
00000001
111100111
00011111100
0100110
000111011
000001000
00011111101
111100110111
000111111111
00011100
00001010010100
11110011011010
11110010
011001001
01100101
11110011010
11110011001
000010100101010
0000100000
01101101
01001111
000010011
11110011011000
0001111111101
1111000001
0001110100111
0000101001011
111100010
000010010
111100001
0001111111100
000111110
1111001101100100010011
01011
0000001
01010
111101
0011
010010
00011110
010000
11111
000111111101
1101001
010001
011000
11001
0111
110101
0000101000
11101
11000
0010
111000
00000000
00011000
01001110
00011001
000010001
01101011
00011101011
01101100
111100110110011100111
1111001101100101100011
11110011011001110111110
1111001101100101100001
1111001101100101100010
1111001101100111011100
1111001101100111010111
1111001101100111011101
1111001101100111010110
1111001101100101001101
1111001101100111010100
1111001101100101001110
1111001101100101001111
1111001101100101001001
1111001101100101001100
1111001101100101111010
1111001101100101111011
1111001101100101111001
1111001101100101000110
1111001101100101000100
1111001101100101000101
1111001101100111000111
1111001101100101111000
1111001101100111000101
1111001101100111000110
1111001101100100111101
1111001101100101000010
1111001101100111011010
1111001101100111011011
1111001101100100111001
1111001101100100111100
1111001101100100111010
1111001101100100111011
1111001101100101100110
1111001101100101010101
1111001101100101010110
1111001101100101010111
1111001101100101100111
1111001101100101010100
1111001101100101101110
1111001101100101101111
1111001101100101101000
1111001101100101101011
1111001101100101101001
1111001101100101101010
1111001101100101100100
1111001101100100110111
1111001101100101100101
1111001101100100110110
1111001101100100011110
1111001101100111000001
1111001101100111000010
1111001101100111000011
1111001101100100011111
1111001101100111000000
1111001101100101000000
1111001101100101000001
1111001101100100011010
1111001101100100011101
1111001101100100011011
1111001101100100011100
1111001101100100011000
1111001101100101001011
1111001101100100011001
1111001101100101001010
1111001101100100111110
1111001101100100111111
1111001101100100010100
1111001101100100010101
1111001101100101101101
1111001101100100010010
1111001101100100010000
1111001101100100010001
1111001101100100101100
1111001101100100101111
1111001101100100101101
1111001101100100101110
1111001101100100110010
1111001101100101111111
1111001101100100110011
1111001101100101111110
1111001101100100100110
1111001101100100110001
1111001101100100100111
1111001101100100110000
1111001101100100100010
1111001101100101111101
1111001101100100100011
1111001101100101111100
1111001101100100010111
1111001101100100100000
1111001101100101110110
1111001101100101110111
1111001101100100001101
1111001101100100010110
1111001101100100001110
1111001101100100001111
1111001101100100000100
1111001101100100001001
1111001101100100101010
1111001101100100101011
1111001101100100000101
1111001101100100001000
1111001101100100000110
1111001101100100000111
1111001101100101110000
1111001101100100100101
1111001101100101110001
1111001101100100100100
1111001101100100000010
1111001101100101110101
1111001101100100000011
1111001101100101110100
1111001101100101011100
1111001101100101011111
1111001101100101011101
1111001101100101011110
1111001101100100000000
1111001101100101011011
1111001101100100000001
1111001101100101011010
1111001101100111010011
11110011011001110111100
1111001101100101011000
1111001101100101011001
1111001101100111010001
1111001101100111010010
1111001101100111001100
1111001101100111001101
11110011011001110111111
