10010001111011001111100
11111101110000110010011
10010001111011001111101
1001000111101100100000
11111101110000110100010
11111101110000110101101
10010001111011001111110
11101010110011110101010
1001000111101100100001
111111011100001111010
10000
11111101110000111110101
11111101110000111010110
10001
10010001111011001111111
11111101110000111101101
11101010110011110101011
11111101110000110001101
11111101110000110001000
11111101110000110110010
11111101110000110110011
11111101110000110100011
11111101110000110100100
11111101110000111100101
11111101110000110101110
11111101110000110100000
11111101110000111010111
11111101110000110111110
11111101110000110111111
11111101110000111001001
11101010110011110111000
11111101110000110011101
00
1111110110
1111110111011011
1110101011001111010010
100100011110110011100
1110101011001111011001
11101010110011111
111110111
111111011101111
111111011101110
111111011101100001
11111101110000111110011
100111
1010001011
100101
1110101011001111000
100100011110001
11101010110001
111111011100000
100100011110111
111010101100110
1111110111000010
1111110111011010
1001000111101101
1111110111011001
1110101011001110
11101010111
111111010
11111101110000111001010
11101010110011110111011
11101010110011110111001
100100101
1110101011001111010110
1010000
111010001
10010000
111010000
0100100
101000100
100100010
111111001
1010111
111010101101
1010001010
10010011
111010100
10101100
11101001
100100100
1111110111001
10100011
11101011
0110001
101011011
10101101001
111111000
11101010110000
1110101010
11111101110001
10101101010
1111110111000011110111
10101101011
11111101110000110100101
11111101111
1111110111000011000111
11110
1010010
1111111
01000
1011
010011
1111100
11100
11000
10101101000
11111010
01101
101010
11010
0101
1010011
10010001110
11001
11011
0111
111011
0100101
011001
1001000110
100110
1111110111010
11111101110000110111010
111111011101100000
100100011110110011000
11101010110011110111100
11111101110000110011110
01100000
11111101110000110011010
11111101110000110011011
11101010110011110101110
11111101110000110011100
11101010110011110101111
111010101100111101101
11111101110000110011000
11111101110000111101100
10010001111011001101
11111101110000110011001
11101010110011110101000
11111101110000110010111
11101010110011110101001
11111101110000110010110
11111101110000111000000
11101010110011110100111
11111101110000111000001
11101010110011110100110
100100011110110011101
100100011111
1001000111101100100010
1001000111101100100011
11111101110000110001011
10010001111010
111110110
11111101110000110001100
11111101110000110001001
11101010110010
10010001111001
11111101110000110001010
11111101110000111111101
1110101011001111001
11111101110000110110101
100100011110110011001
11111101110000111111110
11111101110000110110100
11111101110000111111111
10010001111011000
1001000111101100101
111111011101100010
111111011101100011
10010001111011001001
11101010110011110110000
11111101110000111111100
11101010110011110110001
1110101011001111010001
11111101110000111110110
11111101110000110110001
11111101110000111110111
11111101110000110110000
11111101110000111111000
11111101110000110010101
11111101110000111111001
11111101110000110010100
11101010110011110100001
11111101110000111110010
11111101110000111110000
11111101110000111110001
1111110111000011001000
11101010110011110100000
11111101110000110100110
11111101110000110100111
1001100111000011100001
11111101110000111100110
11111101110000111100111
11111101110000110010010
100100011110000
11111101110000111100010
100100011110110011110
11111101110000111100011
11111101110000110000101
11111101110000111100100
11111101110000110110110
11111101110000110110111
11111101110000110101111
11111101110000110000100
11111101110000111100000
11111101110000111100001
11111101110000111111011
11111101110000111110100
11111101110000110101000
11111101110000110101001
11111101110000110100001
11111101110000111111010
11111101110000110000010
11111101110000110000011
11111101110000111011100
11111101110000111011111
11111101110000111011101
11111101110000111011110
11111101110000110000110
11111101110000111011011
11111101110000110000111
11111101110000111011010
11111101110000110111100
11111101110000110101011
11111101110000110101100
01100001
11111101110000110111101
11111101110000110101010
11111101110000111000110
11111101110000111000111
11111101110000111010010
11111101110000110000001
11111101110000111010011
11111101110000110000000
11111101110000111010100
11111101110000111011001
11111101110000111010101
11111101110000111011000
1111110111000011100110
11111101110000111001111
11111101110000111010000
11111101110000111010001
11111101110000111000101
11111101110000111001110
11111101110000111001011
11111101110000111000100
11111101110000111001000
11111101110000110111011
11111101110000110111000
11111101110000110111001
11101010110011110111111
11101010110011110111010
11101010110011110111110
11101010110011110111101
11111101110000110011111
